74.15122384268938 15.107958648222429
74.15122422677437 15.107958275083428
74.15122921987937 15.107958275083428
74.15122960396437 15.107957901944427
74.15122998804937 15.107957901944427
74.15123037213436 15.107958275083428
74.15123075621938 15.107958275083428
74.15123114030438 15.107958648222429
74.15123229255937 15.107958648222429
74.15123267664437 15.107958275083428
74.15123267664437 15.107957901944427
74.15123344481437 15.107957901944427
74.15123344481437 15.107958275083428
74.15123382889936 15.107958648222429
74.15123459706938 15.107957901944427
74.15123498115437 15.107958275083428
74.15123536523937 15.107957901944427
74.15123574932437 15.107957901944427
74.15123613340937 15.107958275083428
74.15123651749437 15.107957901944427
74.15123690157937 15.107958275083428
74.15123728566437 15.107957901944427
74.15123766974938 15.107958275083428
74.15123843791937 15.107957528805429
74.15123882200437 15.107957901944427
74.15123959017437 15.107957155666428
74.15123997425937 15.107957528805429
74.15124035834437 15.107957528805429
74.15124074242937 15.107957155666428
74.15124112651436 15.107957155666428
74.15124151059938 15.107957528805429
74.15124189468438 15.107957528805429
74.15124227876937 15.107957901944427
74.15124266285437 15.107957901944427
74.15124304693937 15.107957528805429
74.15124343102437 15.107957901944427
74.15124381510937 15.107957528805429
74.15124381510937 15.107957155666428
74.15124419919437 15.107956782527427
74.15124535144938 15.107956782527427
74.15124573553437 15.107956409388429
74.15124727187437 15.107956409388429
74.15124765595937 15.107956036249428
74.15125188089436 15.107956036249428
74.15125226497938 15.107956409388429
74.15125264906438 15.107956409388429
74.15125303314937 15.107956782527427
74.15125341723437 15.107956782527427
74.15125380131937 15.107956409388429
74.15125380131937 15.107956036249428
74.15125418540437 15.107955663110427
74.15125456948937 15.107955663110427
74.15125495357437 15.107956036249428
74.15125533765936 15.107956036249428
74.15125572174438 15.107956409388429
74.15125610582938 15.107956036249428
74.15125764216937 15.107956036249428
74.15125802625437 15.107955663110427
74.15125841033937 15.107955663110427
74.15125879442436 15.107955289971429
74.15125841033937 15.107954916832428
74.15125725808437 15.107954916832428
74.15125764216937 15.107954543693427
74.15125725808437 15.107954170554429
74.15125841033937 15.107954170554429
74.15125802625437 15.107954543693427
74.15125879442436 15.107955289971429
74.15125956259438 15.107954543693427
74.15125917850938 15.107954916832428
74.15125956259438 15.107955289971429
74.15125917850938 15.107955663110427
74.15125956259438 15.107956036249428
74.15126033076437 15.107956036249428
74.15126071484937 15.107955663110427
74.15126033076437 15.107955289971429
74.15126071484937 15.107955663110427
74.15126109893437 15.107955289971429
74.15126109893437 15.107954916832428
74.15126148301937 15.107955289971429
74.15126186710437 15.107954916832428
74.15126225118937 15.107955289971429
74.15126263527438 15.107954916832428
74.15126301935938 15.107954916832428
74.15126340344437 15.107955289971429
74.15126378752937 15.107955289971429
74.15126417161437 15.107954916832428
74.15126455569937 15.107955289971429
74.15126570795437 15.107955289971429
74.15126609203936 15.107955663110427
74.15126686020938 15.107955663110427
74.15126724429437 15.107955289971429
74.15126724429437 15.107954916832428
74.15126762837937 15.107955289971429
74.15126801246437 15.107954916832428
74.15126839654937 15.107955289971429
74.15126878063437 15.107954916832428
74.15126878063437 15.107954543693427
74.15126839654937 15.107954170554429
74.15126878063437 15.107954170554429
74.15126878063437 15.107954543693427
74.15126916471937 15.107954916832428
74.15126954880436 15.107954916832428
74.15126993288938 15.107954543693427
74.15127031697438 15.107954916832428
74.15127146922937 15.107954916832428
74.15127185331437 15.107955289971429
74.15127300556937 15.107955289971429
74.15127338965438 15.107954916832428
74.15127338965438 15.107954543693427
74.15127377373938 15.107954170554429
74.15127338965438 15.107953797415428
74.15127377373938 15.107954170554429
74.15127569416437 15.107954170554429
74.15127607824937 15.107953797415428
74.15127531007937 15.107953051137429
74.15127492599437 15.107953424276428
74.15127454190937 15.107953051137429
74.15127415782437 15.107953424276428
74.15127454190937 15.107953051137429
74.15127454190937 15.107952677998428
74.15127492599437 15.107952304859428
74.15127531007937 15.107952304859428
74.15127569416437 15.107951931720429
74.15127531007937 15.107951558581428
74.15127607824937 15.107951558581428
74.15127607824937 15.107951931720429
74.15127646233437 15.107952304859428
74.15127607824937 15.107952677998428
74.15127646233437 15.107953051137429
74.15127723050438 15.107953051137429
74.15127761458938 15.107953424276428
74.15127799867437 15.107953051137429
74.15127799867437 15.107953424276428
74.15127838275937 15.107953797415428
74.15127876684437 15.107953424276428
74.15127876684437 15.107953051137429
74.15127915092937 15.107953051137429
74.15127953501437 15.107953424276428
74.15127991909937 15.107953051137429
74.15127991909937 15.107952677998428
74.15127953501437 15.107952304859428
74.15128145543937 15.107952304859428
74.15128260769437 15.107953424276428
74.15128337586437 15.107953424276428
74.15128375994937 15.107953797415428
74.15128414403438 15.107953797415428
74.15128452811938 15.107953424276428
74.15128491220437 15.107953424276428
74.15128491220437 15.107954170554429
74.15128452811938 15.107954543693427
74.15128452811938 15.107954916832428
74.15128491220437 15.107955289971429
74.15128568037437 15.107954543693427
74.15128568037437 15.107954170554429
74.15128606445937 15.107953797415428
74.15128568037437 15.107953424276428
74.15128606445937 15.107953797415428
74.15128644854437 15.107953797415428
74.15128683262937 15.107953424276428
74.15128644854437 15.107953051137429
74.15128683262937 15.107953051137429
74.15128721671437 15.107952677998428
74.15128683262937 15.107952304859428
74.15128606445937 15.107952304859428
74.15128568037437 15.107952677998428
74.15128529628937 15.107952304859428
74.15128491220437 15.107952304859428
74.15128452811938 15.107952677998428
74.15128414403438 15.107952304859428
74.15128375994937 15.107952677998428
74.15128452811938 15.107951931720429
74.15128568037437 15.107951931720429
74.15128606445937 15.107951558581428
74.15129067347937 15.107951558581428
74.15129105756436 15.107951185442428
74.15129144164938 15.107951558581428
74.15129374615937 15.107951558581428
74.15129336207437 15.107951931720429
74.15129374615937 15.107952304859428
74.15129413024437 15.107952304859428
74.15129451432936 15.107951931720429
74.15129489841438 15.107952304859428
74.15129912334938 15.107952304859428
74.15129950743437 15.107952677998428
74.15129989151937 15.107952304859428
74.15130065968937 15.107952304859428
74.15130296419937 15.107950066025428
74.15130296419937 15.107949319747428
74.15130219602938 15.107948573469429
74.15130219602938 15.107947827191428
74.15130258011438 15.107947454052429
74.15130258011438 15.107947080913428
74.15130450053937 15.107947080913428
74.15130488462437 15.107946707774428
74.15130450053937 15.107946334635429
74.15130373236937 15.107946334635429
74.15130334828437 15.107945961496428
74.15130296419937 15.107945961496428
74.15130258011438 15.107945588357428
74.15130450053937 15.107945588357428
74.15130488462437 15.107945215218429
74.15130488462437 15.107944842079428
74.15130526870936 15.107945215218429
74.15130603687938 15.107945215218429
74.15130642096437 15.107944842079428
74.15130642096437 15.107944468940428
74.15130603687938 15.107944095801429
74.15130680504937 15.107944095801429
74.15130718913437 15.107943722662428
74.15130718913437 15.107943349523428
74.15130680504937 15.107942976384429
74.15130718913437 15.107943349523428
74.15130757321937 15.107942976384429
74.15130757321937 15.107941483828428
74.15130795730437 15.107941110689428
74.15130718913437 15.107940364411428
74.15130680504937 15.107940737550429
74.15130642096437 15.107940364411428
74.15130603687938 15.107940364411428
74.15130603687938 15.107939991272428
74.15130526870936 15.107939244994428
74.15130373236937 15.107939244994428
74.15130411645437 15.107938871855428
74.15130450053937 15.107939244994428
74.15130718913437 15.107939244994428
74.15130757321937 15.107938871855428
74.15130757321937 15.107938498716429
74.15130718913437 15.107938125577428
74.15130642096437 15.107938125577428
74.15130603687938 15.107937752438428
74.15130565279438 15.107937752438428
74.15130603687938 15.107937752438428
74.15130680504937 15.107937006160428
74.15130680504937 15.107936633021428
74.15130718913437 15.107936259882429
74.15130718913437 15.107935886743428
74.15130642096437 15.107935140465427
74.15130680504937 15.107935140465427
74.15130718913437 15.107934767326428
74.15130680504937 15.107934394187428
74.15130718913437 15.107934021048427
74.15130718913437 15.107933647909428
74.15130680504937 15.107933274770428
74.15130680504937 15.107932528492428
74.15130718913437 15.107932155353428
74.15130680504937 15.107931782214427
74.15130642096437 15.107931782214427
74.15130680504937 15.107931409075428
74.15130680504937 15.107930662797427
74.15130642096437 15.107930289658428
74.15130565279438 15.107930289658428
74.15130526870936 15.107930662797427
74.15130411645437 15.107930662797427
74.15130373236937 15.107930289658428
74.15130642096437 15.107930289658428
74.15130680504937 15.107929916519428
74.15130603687938 15.107929170241428
74.15130488462437 15.107929170241428
74.15130450053937 15.107928797102428
74.15130450053937 15.107928423963427
74.15130603687938 15.107928423963427
74.15130680504937 15.107927677685428
74.15130680504937 15.107927304546427
74.15130603687938 15.107926558268428
74.15130642096437 15.107926185129427
74.15130642096437 15.107924692573429
74.15130565279438 15.107923946295427
74.15130565279438 15.107923573156429
74.15130642096437 15.107922826878427
74.15130642096437 15.107921707461427
74.15130603687938 15.107921334322429
74.15130565279438 15.107921334322429
74.15130642096437 15.107920588044427
74.15130642096437 15.107919841766428
74.15130603687938 15.107919468627427
74.15130603687938 15.107919095488429
74.15130526870936 15.107918349210427
74.15130565279438 15.107918349210427
74.15130603687938 15.107917976071429
74.15130603687938 15.107916483515428
74.15130565279438 15.107916110376427
74.15130526870936 15.107916110376427
74.15130488462437 15.107916483515428
74.15130450053937 15.107916483515428
74.15130488462437 15.107916110376427
74.15130488462437 15.107915737237429
74.15130526870936 15.107915737237429
74.15130565279438 15.107915364098428
74.15130526870936 15.107914990959427
74.15130450053937 15.107914990959427
74.15130373236937 15.107914244681428
74.15130296419937 15.107914244681428
74.15130488462437 15.107914244681428
74.15130526870936 15.107914617820429
74.15130565279438 15.107914244681428
74.15130565279438 15.107913498403429
74.15130603687938 15.107913125264428
74.15130603687938 15.107912378986429
74.15130565279438 15.107912005847428
74.15130565279438 15.107911259569429
74.15130526870936 15.107910886430428
74.15130565279438 15.107910513291428
74.15130565279438 15.107909767013428
74.15130526870936 15.107909393874428
74.15130526870936 15.107907528179428
74.15130565279438 15.107907155040428
74.15130526870936 15.107906781901429
74.15130526870936 15.107906035623428
74.15130488462437 15.107905662484429
74.15130488462437 15.107905289345428
74.15130526870936 15.107904916206428
74.15130488462437 15.107904543067429
74.15130526870936 15.107904169928428
74.15130526870936 15.107903423650429
74.15130488462437 15.107903050511428
74.15130526870936 15.107902677372428
74.15130526870936 15.107902304233429
74.15130450053937 15.107901557955428
74.15130411645437 15.107901557955428
74.15130488462437 15.107901557955428
74.15130526870936 15.107901184816429
74.15130526870936 15.107900811677428
74.15130488462437 15.107900438538428
74.15130450053937 15.107900438538428
74.15130411645437 15.107900811677428
74.15130411645437 15.107900065399429
74.15130450053937 15.107900065399429
74.15130488462437 15.107899692260428
74.15130488462437 15.107899319121428
74.15130450053937 15.107898945982429
74.15130411645437 15.107898945982429
74.15130450053937 15.107898945982429
74.15130488462437 15.107898572843428
74.15130488462437 15.107897826565429
74.15130450053937 15.107897453426428
74.15130411645437 15.107897453426428
74.15130411645437 15.107896707148429
74.15130450053937 15.107896334009428
74.15130450053937 15.107895214592428
74.15130411645437 15.107894841453428
74.15130334828437 15.107894841453428
74.15130411645437 15.107894841453428
74.15130450053937 15.107894468314427
74.15130450053937 15.107894095175428
74.15130411645437 15.107893722036428
74.15130411645437 15.107892975758428
74.15130450053937 15.107892602619428
74.15130450053937 15.107892229480427
74.15130411645437 15.107891856341428
74.15130373236937 15.107892229480427
74.15130334828437 15.107892229480427
74.15130373236937 15.107892229480427
74.15130411645437 15.107891856341428
74.15130411645437 15.107891483202428
74.15130373236937 15.107891110063427
74.15130296419937 15.107891110063427
74.15130373236937 15.107891110063427
74.15130411645437 15.107890736924428
74.15130411645437 15.107889244368428
74.15130373236937 15.107888871229427
74.15130296419937 15.107888871229427
74.15130258011438 15.107888498090428
74.15130296419937 15.107888871229427
74.15130411645437 15.107887751812427
74.15130334828437 15.107887005534428
74.15130296419937 15.107887005534428
74.15130334828437 15.107887005534428
74.15130373236937 15.107886632395427
74.15130373236937 15.107885512978427
74.15130411645437 15.107885139839428
74.15130334828437 15.107884393561427
74.15130296419937 15.107884766700428
74.15130258011438 15.107884766700428
74.15130219602938 15.107884393561427
74.15130296419937 15.107884393561427
74.15130334828437 15.107884020422429
74.15130334828437 15.107883647283428
74.15130296419937 15.107883274144427
74.15130258011438 15.107883274144427
74.15130219602938 15.107883647283428
74.15130258011438 15.107883274144427
74.15130296419937 15.107883274144427
74.15130334828437 15.107882901005429
74.15130334828437 15.107881035310427
74.15130296419937 15.107880662171429
74.15130296419937 15.107880289032428
74.15130334828437 15.107879915893427
74.15130258011438 15.107879169615428
74.15130296419937 15.107879169615428
74.15130334828437 15.107878796476427
74.15130334828437 15.107877303920429
74.15130258011438 15.107876557642427
74.15130296419937 15.107876184503429
74.15130296419937 15.107875811364428
74.15130258011438 15.107875438225427
74.15130258011438 15.107874318808427
74.15130219602938 15.107873945669429
74.15130142785937 15.107873945669429
74.15130104377437 15.107874318808427
74.15130104377437 15.107873945669429
74.15130219602938 15.107873945669429
74.15130258011438 15.107873572530428
74.15130219602938 15.107873199391427
74.15130219602938 15.107872826252429
74.15130258011438 15.107872453113428
74.15130258011438 15.107871706835429
74.15130219602938 15.107871333696428
74.15130258011438 15.107870960557428
74.15130258011438 15.107870587418429
74.15130219602938 15.107870214279428
74.15130258011438 15.107869841140428
74.15130258011438 15.107869094862428
74.15130219602938 15.107868721723428
74.15130258011438 15.107868348584429
74.15130258011438 15.107867602306428
74.15130219602938 15.107867229167429
74.15130219602938 15.107866856028428
74.15130258011438 15.107866482889428
74.15130258011438 15.107865736611428
74.15130219602938 15.107865363472428
74.15130219602938 15.107862751499429
74.15130181194436 15.107862378360428
74.15130219602938 15.107862005221428
74.15130219602938 15.107861258943428
74.15130181194436 15.107860885804428
74.15130142785937 15.107860885804428
74.15130104377437 15.107860512665429
74.15130065968937 15.107860512665429
74.15130027560437 15.107860139526428
74.15130027560437 15.107859766387428
74.15129989151937 15.107859393248429
74.15130027560437 15.107859020109428
74.15130027560437 15.107858273831429
74.15130104377437 15.107857527553428
74.15130142785937 15.107857900692428
74.15130181194436 15.107857527553428
74.15130181194436 15.107856034997429
74.15130142785937 15.107855661858428
74.15129989151937 15.107855661858428
74.15130104377437 15.107855661858428
74.15130142785937 15.107855288719428
74.15130142785937 15.107853423024428
74.15130104377437 15.107853049885428
74.15130142785937 15.107852676746427
74.15130142785937 15.107852303607428
74.15130104377437 15.107851930468428
74.15130142785937 15.107851557329427
74.15130142785937 15.107850811051428
74.15130104377437 15.107850437912427
74.15130065968937 15.107850437912427
74.15130104377437 15.107850437912427
74.15130142785937 15.107850064773428
74.15130142785937 15.107848945356428
74.15130104377437 15.107848572217428
74.15130104377437 15.107846706522428
74.15130065968937 15.107846333383428
74.15129989151937 15.107846333383428
74.15129950743437 15.107845960244427
74.15129835517938 15.107845960244427
74.15129758700937 15.107845213966428
74.15129758700937 15.107843721410427
74.15129797109437 15.107843348271428
74.15129797109437 15.107842975132428
74.15129873926438 15.107842228854429
74.15129873926438 15.107841855715428
74.15129912334938 15.107841855715428
74.15129950743437 15.107842228854429
74.15129989151937 15.107842228854429
74.15130027560437 15.107842601993427
74.15130065968937 15.107842228854429
74.15130065968937 15.107838870603429
74.15130027560437 15.107838497464428
74.15130065968937 15.107838124325427
74.15130027560437 15.107837751186429
74.15130027560437 15.107835512352429
74.15130065968937 15.107835139213428
74.15130027560437 15.107834766074427
74.15130027560437 15.107832154101429
74.15129989151937 15.107831780962428
74.15130027560437 15.107831407823427
74.15129989151937 15.107831034684429
74.15129989151937 15.107826930155428
74.15129950743437 15.107826557016429
74.15129989151937 15.107826183877428
74.15129950743437 15.107825810738428
74.15129950743437 15.107824318182429
74.15129912334938 15.107823945043428
74.15129873926438 15.107823945043428
74.15129912334938 15.107823945043428
74.15129950743437 15.107823571904428
74.15129950743437 15.107820586792428
74.15129912334938 15.107820213653428
74.15129950743437 15.107819840514429
74.15129912334938 15.107819467375428
74.15129912334938 15.107819094236428
74.15129873926438 15.107818721097429
74.15129758700937 15.107818721097429
74.15129873926438 15.107818721097429
74.15129912334938 15.107818347958428
74.15129912334938 15.107816482263429
74.15129873926438 15.107816109124428
74.15129873926438 15.107814989707428
74.15129912334938 15.107814616568428
74.15129912334938 15.107813870290428
74.15129873926438 15.107813497151428
74.15129873926438 15.107812004595427
74.15129835517938 15.107811631456428
74.15129835517938 15.107810885178427
74.15129873926438 15.107810512039428
74.15129873926438 15.107809765761427
74.15129835517938 15.107809392622428
74.15129835517938 15.107806780649428
74.15129758700937 15.107806034371428
74.15129758700937 15.107805288093427
74.15129835517938 15.107804541815428
74.15129835517938 15.107804168676427
74.15129681883937 15.107802676120428
74.15129566658437 15.107802676120428
74.15129528249938 15.107802302981428
74.15129374615937 15.107802302981428
74.15129297798937 15.107803049259427
74.15129297798937 15.107803422398428
74.15129259390437 15.107803422398428
74.15129220981937 15.107803049259427
74.15129220981937 15.107802676120428
74.15129182573438 15.107802302981428
74.15129182573438 15.107801556703429
74.15129144164938 15.107801183564428
74.15129067347937 15.107801183564428
74.15128990530937 15.107801929842427
74.15128836896938 15.107801929842427
74.15128798488438 15.107802302981428
74.15128760079936 15.107801929842427
74.15128721671437 15.107801929842427
74.15128683262937 15.107802302981428
74.15128683262937 15.107801929842427
74.15128644854437 15.107801556703429
74.15128529628937 15.107801556703429
74.15128529628937 15.107801183564428
74.15128414403438 15.107800064147428
74.15128183952437 15.107800064147428
74.15128145543937 15.107800437286429
74.15128030318436 15.107800437286429
74.15127991909937 15.107800810425427
74.15127799867437 15.107800810425427
74.15127761458938 15.107800437286429
74.15127723050438 15.107800437286429
74.15127684641936 15.107800810425427
74.15127531007937 15.107800810425427
74.15127492599437 15.107800437286429
74.15127454190937 15.107800810425427
74.15127454190937 15.107801183564428
74.15127377373938 15.107801183564428
74.15127338965438 15.107801556703429
74.15127262148437 15.107801556703429
74.15127223739937 15.107801183564428
74.15127146922937 15.107801183564428
74.15127108514437 15.107801556703429
74.15127070105937 15.107801556703429
74.15127031697438 15.107801929842427
74.15126570795437 15.107801929842427
74.15126532386937 15.107802302981428
74.15126340344437 15.107802302981428
74.15126301935938 15.107801929842427
74.15126148301937 15.107801929842427
74.15126033076437 15.107800810425427
74.15125725808437 15.107800810425427
74.15125687399937 15.107801183564428
74.15125533765936 15.107801183564428
74.15125495357437 15.107801556703429
74.15125456948937 15.107801556703429
74.15125418540437 15.107801929842427
74.15125226497938 15.107801929842427
74.15125188089436 15.107802302981428
74.15124996046937 15.107802302981428
74.15124957638437 15.107802676120428
74.15124727187437 15.107802676120428
74.15124688778937 15.107803049259427
74.15124496736438 15.107803049259427
74.15124458327936 15.107803422398428
74.15124381510937 15.107803422398428
74.15124343102437 15.107803049259427
74.15124151059938 15.107803049259427
74.15124112651436 15.107803422398428
74.15124074242937 15.107803422398428
74.15124035834437 15.107803795537428
74.15123805383438 15.107803795537428
74.15123766974938 15.107804168676427
74.15123459706938 15.107804168676427
74.15123421298438 15.107804541815428
74.15123382889936 15.107804541815428
74.15123344481437 15.107804914954428
74.15122998804937 15.107804914954428
74.15122960396437 15.107805288093427
74.15122883579437 15.107805288093427
74.15122845170937 15.107804914954428
74.15122806762437 15.107804914954428
74.15122768353937 15.107805288093427
74.15122384268938 15.107805288093427
74.15122345860438 15.107805661232428
74.15122269043437 15.107805661232428
74.15122230634937 15.107806034371428
74.15122077000937 15.107806034371428
74.15122038592438 15.107805661232428
74.15121961775436 15.107805661232428
74.15121923366937 15.107806034371428
74.15121808141437 15.107806034371428
74.15121769732937 15.107805661232428
74.15121654507438 15.107805661232428
74.15121616098938 15.107806034371428
74.15121577690437 15.107806034371428
74.15121539281937 15.107806407510427
74.15121424056437 15.107806407510427
74.15121385647937 15.107806034371428
74.15121347239437 15.107806034371428
74.15121308830938 15.107806407510427
74.15121155196937 15.107806407510427
74.15121116788437 15.107806034371428
74.15121039971437 15.107806780649428
74.15121039971437 15.107807526927427
74.15120963154438 15.107808273205428
74.15120963154438 15.107809019483428
74.15121039971437 15.107809765761427
74.15121039971437 15.107813870290428
74.15121078379937 15.107814243429429
74.15121078379937 15.107814616568428
74.15121039971437 15.107814989707428
74.15121078379937 15.107815362846429
74.15121078379937 15.107816482263429
74.15121039971437 15.107816855402428
74.15121078379937 15.107817228541428
74.15121116788437 15.107817228541428
74.15121078379937 15.107817228541428
74.15121039971437 15.107817601680429
74.15121039971437 15.107817974819428
74.15121116788437 15.107818721097429
74.15121116788437 15.107822079348429
74.15121155196937 15.107822452487428
74.15121155196937 15.107824691321428
74.15121193605437 15.107825064460428
74.15121116788437 15.107825810738428
74.15121155196937 15.107826183877428
74.15121116788437 15.107826183877428
74.15121078379937 15.107826557016429
74.15121078379937 15.107826930155428
74.15121116788437 15.107827303294428
74.15121155196937 15.107827303294428
74.15121155196937 15.107827676433429
74.15121193605437 15.107828049572428
74.15121155196937 15.107828049572428
74.15121155196937 15.107827676433429
74.15121116788437 15.107827303294428
74.15121078379937 15.107827676433429
74.15121078379937 15.107828049572428
74.15121039971437 15.107828422711428
74.15121078379937 15.107828795850429
74.15121078379937 15.107829168989428
74.15121116788437 15.107829542128428
74.15121116788437 15.107830288406427
74.15121155196937 15.107830661545428
74.15121116788437 15.107830288406427
74.15121039971437 15.107831034684429
74.15121039971437 15.107831407823427
74.15121078379937 15.107831780962428
74.15121078379937 15.107834019796428
74.15121116788437 15.107834392935429
74.15121116788437 15.107834766074427
74.15121155196937 15.107835139213428
74.15121116788437 15.107835512352429
74.15121116788437 15.107835885491427
74.15121155196937 15.107836258630428
74.15121193605437 15.107835885491427
74.15121193605437 15.107836258630428
74.15121232013936 15.107836631769429
74.15121270422438 15.107836258630428
74.15121270422438 15.107836631769429
74.15121308830938 15.107837004908427
74.15121347239437 15.107837004908427
74.15121308830938 15.107837004908427
74.15121270422438 15.107837378047428
74.15121308830938 15.107837751186429
74.15121308830938 15.107838497464428
74.15121347239437 15.107838870603429
74.15121347239437 15.107839243742427
74.15121385647937 15.107839616881428
74.15121347239437 15.107839990020429
74.15121347239437 15.107840363159427
74.15121385647937 15.107840736298428
74.15121385647937 15.107841482576427
74.15121347239437 15.107841855715428
74.15121385647937 15.107842228854429
74.15121385647937 15.107845213966428
74.15121462464937 15.107845960244427
74.15121385647937 15.107846706522428
74.15121385647937 15.107847079661427
74.15121462464937 15.107847825939428
74.15121462464937 15.107848572217428
74.15121424056437 15.107848945356428
74.15121424056437 15.107849318495427
74.15121462464937 15.107849691634428
74.15121500873437 15.107849691634428
74.15121424056437 15.107850437912427
74.15121500873437 15.107851184190428
74.15121462464937 15.107851557329427
74.15121462464937 15.107852303607428
74.15121385647937 15.107853049885428
74.15121385647937 15.107853423024428
74.15121424056437 15.107853796163427
74.15121462464937 15.107853796163427
74.15121462464937 15.107854169302428
74.15121539281937 15.107854915580429
74.15121500873437 15.107855288719428
74.15121500873437 15.107855661858428
74.15121462464937 15.107856034997429
74.15121462464937 15.107857154414429
74.15121500873437 15.107857527553428
74.15121577690437 15.107857527553428
74.15121616098938 15.107857900692428
74.15121616098938 15.107858273831429
74.15121654507438 15.107858646970428
74.15121616098938 15.107859020109428
74.15121616098938 15.107859393248429
74.15121654507438 15.107859766387428
74.15121769732937 15.107859766387428
74.15121769732937 15.107860139526428
74.15121692915938 15.107860139526428
74.15121654507438 15.107860512665429
74.15121539281937 15.107860512665429
74.15121500873437 15.107860139526428
74.15121462464937 15.107860512665429
74.15121462464937 15.107860885804428
74.15121500873437 15.107861258943428
74.15121539281937 15.107861258943428
74.15121577690437 15.107861632082429
74.15121539281937 15.107862005221428
74.15121539281937 15.107864617194428
74.15121577690437 15.107864990333429
74.15121577690437 15.107865363472428
74.15121539281937 15.107865736611428
74.15121539281937 15.107866109750429
74.15121616098938 15.107866856028428
74.15121654507438 15.107866856028428
74.15121616098938 15.107867229167429
74.15121616098938 15.107868721723428
74.15121692915938 15.107869468001429
74.15121654507438 15.107869841140428
74.15121616098938 15.107869468001429
74.15121577690437 15.107869841140428
74.15121577690437 15.107870587418429
74.15121616098938 15.107870960557428
74.15121616098938 15.107872453113428
74.15121654507438 15.107872826252429
74.15121654507438 15.107873199391427
74.15121692915938 15.107873572530428
74.15121692915938 15.107873945669429
74.15121654507438 15.107874318808427
74.15121654507438 15.107874691947428
74.15121616098938 15.107875065086429
74.15121616098938 15.107876184503429
74.15121654507438 15.107876557642427
74.15121654507438 15.107877303920429
74.15121692915938 15.107877677059427
74.15121731324437 15.107877303920429
74.15121808141437 15.107877303920429
74.15121731324437 15.107877303920429
74.15121692915938 15.107877677059427
74.15121692915938 15.107878796476427
74.15121654507438 15.107879169615428
74.15121654507438 15.107879915893427
74.15121692915938 15.107880289032428
74.15121731324437 15.107880289032428
74.15121731324437 15.107880662171429
74.15121692915938 15.107881035310427
74.15121731324437 15.107881408449428
74.15121692915938 15.107881781588429
74.15121692915938 15.107882154727427
74.15121731324437 15.107882527866428
74.15121769732937 15.107882527866428
74.15121731324437 15.107882901005429
74.15121731324437 15.107885512978427
74.15121769732937 15.107885886117428
74.15121769732937 15.107887005534428
74.15121808141437 15.107887378673428
74.15121846549937 15.107887378673428
74.15121884958437 15.107887751812427
74.15121923366937 15.107887751812427
74.15121961775436 15.107888124951428
74.15122038592438 15.107888124951428
74.15122000183938 15.107888124951428
74.15121961775436 15.107888498090428
74.15121923366937 15.107888498090428
74.15121884958437 15.107888124951428
74.15121808141437 15.107888124951428
74.15121769732937 15.107888498090428
74.15121769732937 15.107889617507428
74.15121846549937 15.107890363785428
74.15121808141437 15.107890736924428
74.15121808141437 15.107891483202428
74.15121846549937 15.107891856341428
74.15121808141437 15.107892229480427
74.15121808141437 15.107892602619428
74.15121846549937 15.107892975758428
74.15121808141437 15.107893348897427
74.15121808141437 15.107894095175428
74.15121846549937 15.107894468314427
74.15121808141437 15.107894841453428
74.15121808141437 15.107895214592428
74.15121846549937 15.107895587731429
74.15121884958437 15.107895587731429
74.15121923366937 15.107895214592428
74.15121961775436 15.107895214592428
74.15121923366937 15.107895587731429
74.15121884958437 15.107895587731429
74.15121808141437 15.107896334009428
74.15121808141437 15.107896707148429
74.15121846549937 15.107897080287428
74.15121846549937 15.107897453426428
74.15121808141437 15.107897826565429
74.15121808141437 15.107898199704428
74.15121769732937 15.107898572843428
74.15121808141437 15.107898945982429
74.15121884958437 15.107898945982429
74.15121884958437 15.107899692260428
74.15121846549937 15.107900065399429
74.15121923366937 15.107900811677428
74.15121884958437 15.107901184816429
74.15121884958437 15.107901557955428
74.15121923366937 15.107901931094428
74.15121923366937 15.107902304233429
74.15121884958437 15.107902677372428
74.15121923366937 15.107903050511428
74.15121923366937 15.107904916206428
74.15122000183938 15.107905662484429
74.15122115409437 15.107905662484429
74.15122153817937 15.107905289345428
74.15122230634937 15.107905289345428
74.15122269043437 15.107905662484429
74.15122269043437 15.107906408762428
74.15122153817937 15.107906408762428
74.15122115409437 15.107906035623428
74.15122077000937 15.107906035623428
74.15122038592438 15.107905662484429
74.15121961775436 15.107905662484429
74.15121923366937 15.107906035623428
74.15121923366937 15.107907901318429
74.15121961775436 15.107908274457428
74.15121961775436 15.107909020735429
74.15122000183938 15.107909393874428
74.15122000183938 15.107910513291428
74.15121961775436 15.107910886430428
74.15122000183938 15.107911259569429
74.15122000183938 15.107911632708428
74.15121961775436 15.107912005847428
74.15121961775436 15.107912378986429
74.15122000183938 15.107912752125428
74.15122000183938 15.107914617820429
74.15122038592438 15.107914990959427
74.15122000183938 15.107915364098428
74.15122000183938 15.107915737237429
74.15122038592438 15.107916110376427
74.15122000183938 15.107916483515428
74.15122038592438 15.107916856654429
74.15122038592438 15.107918349210427
74.15122077000937 15.107918722349428
74.15122038592438 15.107919095488429
74.15122038592438 15.107919468627427
74.15122077000937 15.107919841766428
74.15122077000937 15.107922080600428
74.15122115409437 15.107922453739429
74.15122153817937 15.107922453739429
74.15122115409437 15.107922453739429
74.15122077000937 15.107922826878427
74.15122077000937 15.107923200017428
74.15122115409437 15.107923573156429
74.15122230634937 15.107923573156429
74.15122269043437 15.107923200017428
74.15122307451936 15.107923200017428
74.15122307451936 15.107923946295427
74.15122269043437 15.107924319434428
74.15122307451936 15.107924692573429
74.15122345860438 15.107924692573429
74.15122269043437 15.107924692573429
74.15122269043437 15.107923946295427
74.15122230634937 15.107923573156429
