big 

[[4.516242980957031, 1273280], [4.516242980957031, 1630544], [4.516242980957031, 2094544], [4.516242980957031, 2577744], [4.516242980957031, 2977488], [4.516242980957031, 2882256], [4.516242980957031, 2812225], [4.516242980957031, 3298609], [4.516242980957031, 3656705], [4.516242980957031, 4217137]]

Elevations are

Coords: 6840,9361,8184,9904 | Value: [(74.14938407553937, 15.108636268646428), 4.516242980957031]
Coords: 6840,9361,8152,9856 | Value: [(74.14938407553937, 15.108636268646428), 4.516242980957031]
Coords: 6840,9361,8104,9776 | Value: [(74.14938407553937, 15.108636268646428), 4.516242980957031]
Coords: 6840,9361,8040,9680 | Value: [(74.14938407553937, 15.108636268646428), 4.516242980957031]
Coords: 6840,9361,8120,9216 | Value: [(74.14938407553937, 15.108636268646428), 4.516242980957031]
Coords: 6840,9361,8168,9280 | Value: [(74.14938407553937, 15.108636268646428), 4.516242980957031]
Coords: 6840,9361,7751,9808 | Value: [(74.14938407553937, 15.108636268646428), 4.516242980957031]
Coords: 6840,9361,7703,9760 | Value: [(74.14938407553937, 15.108636268646428), 4.516242980957031]
Coords: 6840,9361,7639,9744 | Value: [(74.14938407553937, 15.108636268646428), 4.516242980957031]
Coords: 6840,9361,7543,9696 | Value: [(74.14938407553937, 15.108636268646428), 4.516242980957031]


small

[[2.7241287231445312, 236544], [2.7241287231445312, 452352], [2.7241287231445312, 699440], [2.7241287231445312, 973440], [2.7241287231445312, 1288624], [2.7241287231445312, 1841712], [2.7241287231445312, 857600], [2.7241287231445312, 1202432], [2.7241287231445312, 1767872], [2.7241287231445312, 2422321], [2.7241287231445312, 2008160], [2.7241287231445312, 2636080]]

Elevations are

Coords: 12046,11334,12276,11647 | Value: [(74.15125648991437, 15.107937752438428), 2.7241287231445312]
Coords: 12046,11334,12228,11519 | Value: [(74.15125648991437, 15.107937752438428), 2.7241287231445312]
Coords: 12046,11334,12180,11311 | Value: [(74.15125648991437, 15.107937752438428), 2.7241287231445312]
Coords: 12046,11334,12164,11199 | Value: [(74.15125648991437, 15.107937752438428), 2.7241287231445312]
Coords: 12046,11334,12164,11007 | Value: [(74.15125648991437, 15.107937752438428), 2.7241287231445312]
Coords: 12046,11334,12084,10735 | Value: [(74.15125648991437, 15.107937752438428), 2.7241287231445312]
Coords: 12046,11334,11972,11535 | Value: [(74.15125648991437, 15.107937752438428), 2.7241287231445312]
Coords: 12046,11334,11908,11439 | Value: [(74.15125648991437, 15.107937752438428), 2.7241287231445312]
Coords: 12046,11334,11812,11359 | Value: [(74.15125648991437, 15.107937752438428), 2.7241287231445312]
Coords: 12046,11334,11732,11247 | Value: [(74.15125648991437, 15.107937752438428), 2.7241287231445312]
Coords: 12046,11334,11956,11071 | Value: [(74.15125648991437, 15.107937752438428), 2.7241287231445312]
Coords: 12046,11334,11828,10991 | Value: [(74.15125648991437, 15.107937752438428), 2.7241287231445312]



small rmse
RMSE: 0.12035736347145451
ME: 0.06889354427328363

big
RMSE: 0.5340094041960067
ME: 0.24072305064359642

grain
RMSE: 0.1302975878110134
ME: 0.031713293642832006

cluster
RMSE: 0.0849708447304194
ME: 0.04891777471819715


