1572269 :0.4044313430786133
8.38683295249939 


2917760 :0.7175636291503906
2917760 :0.05452227592468262
15.874278545379639 


1324800 :0.028478384017944336
1324800 :0.02819228172302246
1324800 :0.015265703201293945
6.209031820297241 


3204358 :0.29389119148254395
3204358 :0.11377739906311035
3204358 :0.019756793975830078
3204358 :0.012488126754760742
17.86934542655945 


356029 :0.04850935935974121
1.9457025527954102 


4154840 :0.49135613441467285
4154840 :0.4659152030944824
23.069198608398438 


30.38762640953064 


ENDED
6840,9352,8125,9855 [(74.14928459752437, 15.108643731426428), 4.622371673583984]
7069,10599,8062,11649 [(74.14971822948937, 15.108057156918427), 6.672996520996094]
8363,11211,7135,10855 [(74.14982961413938, 15.107958275083428), 2.9326553344726562]
9259,10686,8882,10580 [(74.15019026995436, 15.108189994402428), 3.298126220703125]
9380,11121,8992,10488 [(74.15024288959937, 15.108033649161428), 2.9802932739257812]
8819,10869,8866,10493 [(74.15005353569437, 15.108096336513428), 1.8865890502929688]
10013,11272,10878,10423 [(74.15070532793938, 15.107862005221428), 5.541290283203125]
10607,10452,10065,10669 [(74.15072069133937, 15.108044097053428), 4.983863830566406]
10096,10760,9925,10166 [(74.15052211939437, 15.108121709965427), 2.6912689208984375]
10087,11153,9952,10055 [(74.15047948595937, 15.107995215844428), 2.7327194213867188]
12046,11333,12233,11548 [(74.15127223739937, 15.107920961183428), 2.7257766723632812]
6871,13479,6907,14356 [(74.14933568082937, 15.107103413634428), 5.533000946044922]
6076,13947,6897,14350 [(74.14921200545938, 15.106760125754429), 5.721286773681641]